<?xml version="1.0"?>
<opencv_storage>
<calibration_time>"Wed Aug 30 16:17:44 2017"</calibration_time>
<nframes>20</nframes>
<image_width>960</image_width>
<image_height>592</image_height>
<board_width>11</board_width>
<board_height>7</board_height>
<square_size>1.</square_size>
<flags>0</flags>
<camera_matrix type_id="opencv-matrix">
  <rows>3</rows>
  <cols>3</cols>
  <dt>d</dt>
  <data>
    4.8658371894643653e+02 0. 4.8129514671353536e+02 0.
    4.8489982732642414e+02 3.0300047066453470e+02 0. 0. 1.</data></camera_matrix>
<distortion_coefficients type_id="opencv-matrix">
  <rows>5</rows>
  <cols>1</cols>
  <dt>d</dt>
  <data>
    -1.6644813814765033e-01 8.3674426623018341e-02
    8.6889353603020739e-05 -4.8621106114832112e-04
    -2.1130613156226580e-02</data></distortion_coefficients>
<avg_reprojection_error>2.8928256399782681e-01</avg_reprojection_error>
<per_view_reprojection_errors type_id="opencv-matrix">
  <rows>20</rows>
  <cols>1</cols>
  <dt>f</dt>
  <data>
    2.82772720e-01 2.67815202e-01 2.16055408e-01 7.51944304e-01
    3.73859614e-01 1.42139971e-01 9.57893804e-02 1.83538616e-01
    4.57151443e-01 2.18079031e-01 1.36917084e-01 1.95858896e-01
    2.59421200e-01 1.57969266e-01 1.90079674e-01 2.28905052e-01
    1.50877029e-01 1.57981515e-01 1.96008354e-01 3.55654359e-01</data></per_view_reprojection_errors>
<!-- a set of 6-tuples (rotation vector + translation vector) for each view -->
<extrinsic_parameters type_id="opencv-matrix">
  <rows>20</rows>
  <cols>6</cols>
  <dt>d</dt>
  <data>
    6.1380902915340638e-02 -1.9322994289390674e-01
    -2.0299776753469914e-01 -7.4175485986372163e+00
    -5.5048904450227614e+00 9.9373239470160328e+00
    5.3212116732322290e-02 -3.3188956145005910e-01
    -2.1870987837647390e-01 -5.7806072000213051e+00
    -5.0661039261719774e+00 8.1215335525960928e+00
    7.6385158951298507e-02 -8.0272966550749517e-02
    -1.7604480077563001e-01 -8.8473957408627264e+00
    -2.3414856122308549e+00 1.1607485997369940e+01
    9.0587516366274115e-02 2.5229056034395592e-01
    -1.0314453164254984e-01 -1.1377190925778294e+01
    -2.3537167623249811e-01 1.1774091189183197e+01
    7.2321187597632716e-02 -6.4032654261342567e-02
    -1.5272677367506104e-01 -3.5637431118667537e+00
    -3.0512791260732994e+00 9.1158196349313005e+00
    2.1035904541309286e-01 7.2486489642873653e-01
    -1.2760633095858517e-01 8.5038640900654761e-01
    -3.7348732571667940e+00 1.8898613289632355e+01
    6.8098000656916596e-02 -4.0133857481881263e-01
    -1.8341137724268522e-01 -3.6383151501719495e+00
    -1.5007448380646145e+00 1.3185687407234873e+01
    8.1854035147554641e-02 -1.1968084810637378e-01
    -1.5880716598234412e-01 -4.4390679133170234e+00
    -1.7942186521718342e+00 1.1296212613926045e+01
    9.5639214023154756e-02 2.5194716163105985e-01
    -1.2115312116640542e-01 -7.2531317817869940e+00
    2.3180712890604743e-01 1.0635309710290809e+01 5.8682297262798812e-02
    -2.0013703125233748e-01 -1.8053296409604985e-01
    -6.1730398164167311e-01 -2.6668581844637380e+00
    8.6913801355567877e+00 1.8136060094991804e-01 5.2521287134665195e-01
    -1.6063403059697187e-01 1.0565056144334879e+00
    -1.2032364225257217e+00 1.6414116005834469e+01
    9.3967316203560636e-02 3.7923861282485774e-02
    -1.5490974120416107e-01 -4.4486056890253733e+00
    -1.0442466119884795e+00 1.2099050886035757e+01
    1.3467137555695227e-01 5.6398055557134241e-01
    -1.4281495475283335e-01 -2.7694722335963586e+00
    -1.6028905886744926e+00 1.3232463035158746e+01
    1.2506711320639222e-01 2.3662569601479522e-01
    -1.2399799602973793e-01 -7.3883695943174921e+00
    -8.3425212065782572e-01 1.4514311634519752e+01
    5.8200678879210710e-02 -3.5240280238853389e-01
    -1.4373795630140498e-01 -7.9494052186136948e+00
    4.2471696298124245e-01 1.0513073160466991e+01 6.6652442365621054e-02
    -2.4362964367033671e-01 -1.2236310287979742e-01
    -8.4084594611075349e+00 -2.6806030409190940e+00
    1.0906233752044951e+01 1.3051901569720739e-01 1.3737191312230251e-01
    -1.4481826318847027e-01 -4.5973824965131644e+00
    -7.1701211743924242e-01 1.4266374589429182e+01
    6.6799460171125757e-02 -4.5525796335607543e-01
    -1.2202183721142294e-01 -9.0814762266798663e+00
    -2.1022208589740838e+00 1.0121576921350872e+01
    1.0740656909110588e-01 9.5525830051746044e-02
    -1.4784815888426450e-01 -4.6793803103559499e+00
    -1.6763228246287362e-01 1.1658704271418751e+01
    1.1179156844160645e-01 2.8917900271491881e-01
    -1.4780257572750141e-01 -3.2280023331136896e+00
    -8.6535403361960872e-01 1.1020839389168502e+01</data></extrinsic_parameters>
