<?xml version="1.0"?>
<opencv_storage>
<calibration_time>"Tue Aug 29 19:37:25 2017"</calibration_time>
<nframes>20</nframes>
<image_width>960</image_width>
<image_height>592</image_height>
<board_width>11</board_width>
<board_height>7</board_height>
<square_size>1.</square_size>
<flags>0</flags>
<camera_matrix type_id="opencv-matrix">
  <rows>3</rows>
  <cols>3</cols>
  <dt>d</dt>
  <data>
    5.3138792018884976e+02 0. 4.8157915349333786e+02 0.
    5.3462652071158504e+02 3.0059701988004673e+02 0. 0. 1.</data></camera_matrix>
<distortion_coefficients type_id="opencv-matrix">
  <rows>5</rows>
  <cols>1</cols>
  <dt>d</dt>
  <data>
    -1.4383459788568131e-01 9.0143862352608572e-02
    -8.7680881904723929e-04 8.2054359946029810e-04
    -2.2284401701960128e-02</data></distortion_coefficients>
<avg_reprojection_error>5.3160688481032536e-01</avg_reprojection_error>
<per_view_reprojection_errors type_id="opencv-matrix">
  <rows>20</rows>
  <cols>1</cols>
  <dt>f</dt>
  <data>
    7.24100590e-01 7.10155487e-01 7.02604115e-01 4.44405943e-01
    4.34952766e-01 4.91773754e-01 4.27206039e-01 4.43101227e-01
    3.73376995e-01 4.82737809e-01 4.18979973e-01 4.76187736e-01
    5.66996634e-01 5.35762966e-01 6.02404952e-01 3.94113302e-01
    5.18943131e-01 5.72514117e-01 6.67945445e-01 4.21594560e-01</data></per_view_reprojection_errors>
<!-- a set of 6-tuples (rotation vector + translation vector) for each view -->
<extrinsic_parameters type_id="opencv-matrix">
  <rows>20</rows>
  <cols>6</cols>
  <dt>d</dt>
  <data>
    2.3876010158547633e-02 -4.9752683362818666e-03
    1.9518640653532527e-02 -5.0038432705032454e+00
    -3.0009064466923108e+00 5.7553755452199056e+00
    2.2242407854399838e-02 -4.5301116153513331e-03
    1.8599546562706952e-02 -4.9897070636002736e+00
    -2.9995290277525206e+00 5.8186342534741424e+00
    2.1324014649806298e-02 -5.3599007150114137e-03
    3.3953958788245198e-02 -4.3745609116832442e+00
    -3.1246901942459684e+00 5.9584542914318117e+00
    -1.0189683160300797e-01 -2.1976038658752450e-01
    1.0284704488220031e-03 -6.1073022091669342e+00
    -2.6819746013065862e+00 6.9993798557173559e+00
    -1.1665338599528957e-01 -1.7157321168453762e-01
    2.5183686352732129e-03 -5.7139559742469359e+00
    -2.6007875094376476e+00 7.5230573656804838e+00
    -8.7853550598579605e-02 -9.9442494309506975e-03
    2.9767108023040209e-02 -5.0333510921867495e+00
    -3.0227166766257612e+00 7.4555716291684604e+00
    -2.2132670192497408e-01 -1.8643137461106823e-01
    -3.0762758677401369e+00 5.7661637615756174e+00
    3.6167543727367524e+00 6.8435659753709546e+00
    -1.1699467562307254e-02 1.8934407102620809e-01
    7.0400388560263663e-02 -3.9488844445513434e+00
    -4.5297504683779719e+00 8.9857310150748155e+00
    6.9843041109108966e-02 1.3001095848027580e-01 7.8286090973408065e-02
    -4.6469778540508369e+00 -4.5785062300463348e+00
    9.1816590710721826e+00 4.8746333107603533e-02 5.2934875710890172e-01
    9.6515180105781306e-02 -4.2150133946419643e+00
    -4.3954137879433910e+00 1.1075398245800823e+01
    4.7249167399422608e-02 -2.1300765997501420e-01
    7.0873802770507532e-02 -5.5823238696870110e+00
    -3.0524239076889605e+00 6.7715142257279863e+00
    2.0100606818208775e-02 -4.1582765738582339e-01
    1.1383504378197987e-01 -4.5043926309923670e+00
    -3.2827104753684169e+00 5.6250801665345538e+00
    4.3281533743438028e-01 5.9265764912507124e-02 1.1129555281377612e-01
    -3.4534843439707994e+00 -2.3531422490707885e+00
    7.4445906363531211e+00 3.8767161921468746e-01 9.0478198224686168e-02
    5.5934953555479797e-02 -4.1574806536355826e+00
    -1.7950003057114676e+00 8.0826097435927942e+00
    4.2517992344294442e-01 7.2451572144196105e-02 5.7827385037588545e-02
    -4.7586154701634928e+00 -3.0588021095500495e+00
    6.5619446959768606e+00 -5.9540005736736415e-02
    -1.6897090830574896e-01 -3.1258547724795509e+00
    5.3408560448462197e+00 2.9555823166026070e+00 7.9464090535258389e+00
    -4.8461752613898978e-01 -4.5620100394361450e-02
    -1.0184720139491722e-03 -5.1768657367191899e+00
    -1.8605102081815759e+00 9.0643882250116814e+00
    -4.0938479447619469e-01 -4.9842621719737738e-02
    1.8668378172065760e-02 -4.9202232665393693e+00
    -2.8400993977346123e+00 8.3737107465181388e+00
    -3.6692542145419732e-01 -4.3268694812430855e-02
    8.2775555873867003e-04 -5.1763138388587606e+00
    -3.0858353110861869e+00 7.5342499695204950e+00
    -3.9884771122581320e-02 1.4906323328224126e-03
    3.0616780442097419e-01 -3.4059703810683648e+00
    -4.3153291573977919e+00 8.7230059038327248e+00</data></extrinsic_parameters>
