%YAML:1.0
---
calibration_time: "Tue Aug 29 16:43:00 2017"
image_width: 960
image_height: 600
board_width: 11
board_height: 7
square_size: 1.
flags: 0
camera_matrix: !!opencv-matrix
   rows: 3
   cols: 3
   dt: d
   data: [ 5.3291593686111037e+02, 0., 4.8019339620646804e+02, 0.,
       5.3614603295973632e+02, 3.0445446356805269e+02, 0., 0., 1. ]
distortion_coefficients: !!opencv-matrix
   rows: 5
   cols: 1
   dt: d
   data: [ -1.4148794656986166e-01, 8.3015327911849818e-02,
       -2.8277384327878399e-04, -4.9973889686273458e-04,
       -1.6366170783858287e-02 ]
avg_reprojection_error: 3.2601912816382700e-01
