<?xml version="1.0"?>
<opencv_storage>
<calibration_time>"Tue Aug 22 10:35:09 2017"</calibration_time>
<nframes>20</nframes>
<image_width>640</image_width>
<image_height>480</image_height>
<board_width>11</board_width>
<board_height>7</board_height>
<square_size>1.</square_size>
<flags>0</flags>
<camera_matrix type_id="opencv-matrix">
  <rows>3</rows>
  <cols>3</cols>
  <dt>d</dt>
  <data>
    8.8530028193533281e+02 0. 3.2389173255372350e+02 0.
    8.9141195572660160e+02 2.5976042941420985e+02 0. 0. 1.</data></camera_matrix>
<distortion_coefficients type_id="opencv-matrix">
  <rows>5</rows>
  <cols>1</cols>
  <dt>d</dt>
  <data>
    -2.8787359259610229e-01 2.7564641964248304e-02
    -1.5846767526825284e-03 9.7633820265885746e-04
    6.7409693487016065e-01</data></distortion_coefficients>
<avg_reprojection_error>6.6998173128243466e-01</avg_reprojection_error>
<per_view_reprojection_errors type_id="opencv-matrix">
  <rows>20</rows>
  <cols>1</cols>
  <dt>f</dt>
  <data>
    4.82039005e-01 4.06235546e-01 4.94249433e-01 5.51873744e-01
    7.73115456e-01 7.86127031e-01 7.26587892e-01 9.17522371e-01
    8.02945733e-01 6.49799705e-01 3.81017536e-01 4.69878733e-01
    3.44230920e-01 1.71328747e+00 2.77811587e-01 4.19059634e-01
    2.52375335e-01 5.21843135e-01 5.21419466e-01 3.13593745e-01</data></per_view_reprojection_errors>
<!-- a set of 6-tuples (rotation vector + translation vector) for each view -->
<extrinsic_parameters type_id="opencv-matrix">
  <rows>20</rows>
  <cols>6</cols>
  <dt>d</dt>
  <data>
    -1.3742733010848060e-01 6.7124402054182228e-02
    6.8301314729923929e-02 -4.2464078638242526e+00
    -3.8604516672515206e+00 1.6489272102562175e+01
    -1.5310974559223675e-01 5.2384321613437687e-02
    6.2014524404775312e-02 -4.6586942276430472e+00
    -3.8563513941816310e+00 1.6594110177626373e+01
    -1.6171054521019473e-01 -2.4995469248850481e-02
    3.1111101040788278e-02 -5.3824323493818778e+00
    -3.2555211579109118e+00 1.6258241636732336e+01
    5.1453722609729170e-02 -2.3061373280070527e-01
    4.1185423398549761e-02 -4.7681560177962545e+00
    -3.7123967638219302e+00 1.3800619815450938e+01
    5.7661272480038872e-01 8.4960918250908471e-02
    -4.4331647818762268e-02 -4.8135265861307914e+00
    -2.3541145998736712e+00 1.5545459971428256e+01
    1.2361501331612122e-01 -8.5732726785534052e-01
    2.9932917533257268e+00 4.6177373183465260e+00 2.2654526615268584e+00
    1.7544835672345471e+01 2.5732777123216755e-01 4.2096772205311894e-01
    3.1967134383433973e-02 -4.3203372559703936e+00
    -3.9550053106965271e+00 1.8123273634475378e+01
    5.7595639735659593e-02 5.2305659422328310e-01 8.2393061141887589e-02
    -3.8070388067819549e+00 -3.5882297324592716e+00
    1.8949469251626375e+01 -2.8414086659041005e-01
    3.5007721127456165e-01 2.7876955465752945e-02
    -5.1497730191121747e+00 -2.1411667863529078e+00
    1.8871776903853998e+01 -2.4042403474513777e-01
    3.0961196364645921e-01 5.3385833744097937e-02
    -4.6017863465395017e+00 -3.0812616771273080e+00
    1.8848592222358004e+01 -2.1245040207699789e-01
    3.2998950882365652e-02 5.6254254983045100e-02
    -5.0776005941496205e+00 -3.0136695143851933e+00
    1.8890546773797158e+01 -7.8250191388868559e-02
    4.7912970378018283e-02 3.6695212312933635e-02
    -5.1123619671472005e+00 -3.8325626278910483e+00
    1.5764835816626379e+01 -2.0879270106816158e-01
    1.0362565348074895e-01 8.8510231273721082e-02
    -3.3758685122448950e+00 -1.1373269519361198e+00
    2.4445055771000188e+01 -1.0742836002856593e-01
    5.3916269864059521e-02 7.7605267006554124e-02
    -4.0193195273260827e+00 -3.5039578572546231e+00
    2.2824387552000076e+01 1.1411462757482433e-02 3.1297461245274924e-02
    -3.0844377386125159e+00 3.2551200165976217e+00
    4.0111646239971799e-01 2.1178805550250743e+01
    -1.6104111721912822e-02 4.7984366946122736e-02
    -2.2892607395088613e-02 -7.2100878618843955e+00
    -3.2607396235079431e+00 2.2380397361292040e+01
    -8.4506916125895018e-02 3.1100142775442659e-02
    -1.9542534838709918e-02 -7.8838115442062016e+00
    -1.3380412154474850e+00 2.2837297006595239e+01
    -4.2293950800857356e-02 4.7417371245382742e-02
    8.5501279710859301e-02 -4.3575176567763210e+00
    -3.3187437714389714e+00 2.2031148220910069e+01
    -2.1391548810395924e-02 -2.6969783373248381e-02
    2.7099427721784458e-01 -5.2661286932213995e+00
    -4.9646619933757412e+00 2.0408706842955624e+01
    1.6113965674414223e-02 6.1417452471168636e-02 1.4141434768720171e-01
    -4.2292178809769343e+00 -4.1313664194744959e+00
    1.9241090229416233e+01</data></extrinsic_parameters>
